8.00E+00
4.23E+10
1.17E+10
2.70E-01
7.00E-02
1.67E+10
1.67E+10
5.47E+09
0.00E+00
-8.89E-04
-6.67E-04
1.90E+03
2.54E-02
4.23E+10
1.17E+10
2.70E-01
7.00E-02
1.67E+10
1.67E+10
5.47E+09
1.57E+00
-6.67E-04
-4.45E-04
1.90E+03
2.54E-02
4.23E+10
1.17E+10
2.70E-01
7.00E-02
1.67E+10
1.67E+10
5.47E+09
1.57E+00
-4.45E-04
-2.22E-04
1.90E+03
2.54E-02
4.23E+10
1.17E+10
2.70E-01
7.00E-02
1.67E+10
1.67E+10
5.47E+09
0.00E+00
-2.22E-04
0.00E+00
1.90E+03
2.54E-02
4.23E+10
1.17E+10
2.70E-01
7.00E-02
1.67E+10
1.67E+10
5.47E+09
0.00E+00
0.00E+00
2.22E-04
1.90E+03
2.54E-02
4.23E+10
1.17E+10
2.70E-01
7.00E-02
1.67E+10
1.67E+10
5.47E+09
1.57E+00
2.22E-04
4.45E-04
1.90E+03
2.54E-02
4.23E+10
1.17E+10
2.70E-01
7.00E-02
1.67E+10
1.67E+10
5.47E+09
1.57E+00
4.45E-04
6.67E-04
1.90E+03
2.54E-02
4.23E+10
1.17E+10
2.70E-01
7.00E-02
1.67E+10
1.67E+10
5.47E+09
0.00E+00
6.67E-04
8.89E-04
1.90E+03
2.54E-02
8.00E+00
4.23E+10
1.17E+10
2.70E-01
7.00E-02
1.67E+10
1.67E+10
5.47E+09
0.00E+00
-8.89E-04
-6.67E-04
1.90E+03
2.54E-02
4.23E+10
1.17E+10
2.70E-01
7.00E-02
1.67E+10
1.67E+10
5.47E+09
1.57E+00
-6.67E-04
-4.45E-04
1.90E+03
2.54E-02
4.23E+10
1.17E+10
2.70E-01
7.00E-02
1.67E+10
1.67E+10
5.47E+09
1.57E+00
-4.45E-04
-2.22E-04
1.90E+03
2.54E-02
4.23E+10
1.17E+10
2.70E-01
7.00E-02
1.67E+10
1.67E+10
5.47E+09
0.00E+00
-2.22E-04
0.00E+00
1.90E+03
2.54E-02
4.23E+10
1.17E+10
2.70E-01
7.00E-02
1.67E+10
1.67E+10
5.47E+09
0.00E+00
0.00E+00
2.22E-04
1.90E+03
2.54E-02
4.23E+10
1.17E+10
2.70E-01
7.00E-02
1.67E+10
1.67E+10
5.47E+09
1.57E+00
2.22E-04
4.45E-04
1.90E+03
2.54E-02
4.23E+10
1.17E+10
2.70E-01
7.00E-02
1.67E+10
1.67E+10
5.47E+09
1.57E+00
4.45E-04
6.67E-04
1.90E+03
2.54E-02
4.23E+10
1.17E+10
2.70E-01
7.00E-02
1.67E+10
1.67E+10
5.47E+09
0.00E+00
6.67E-04
8.89E-04
1.90E+03
2.54E-02
4.00E+00
4.23E+10
1.17E+10
2.70E-01
7.00E-02
1.67E+10
1.67E+10
5.47E+09
0.00E+00
-4.45E-04
-2.22E-04
1.90E+03
2.54E-02
4.23E+10
1.17E+10
2.70E-01
7.00E-02
1.67E+10
1.67E+10
5.47E+09
1.57E+00
-2.22E-04
0.00E+00
1.90E+03
2.54E-02
4.23E+10
1.17E+10
2.70E-01
7.00E-02
1.67E+10
1.67E+10
5.47E+09
1.57E+00
0.00E+00
2.22E-04
1.90E+03
2.54E-02
4.23E+10
1.17E+10
2.70E-01
7.00E-02
1.67E+10
1.67E+10
5.47E+09
0.00E+00
2.22E-04
4.45E-04
1.90E+03
2.54E-02
4.00E+00
4.23E+10
1.17E+10
2.70E-01
7.00E-02
1.67E+10
1.67E+10
5.47E+09
0.00E+00
-4.45E-04
-2.22E-04
1.90E+03
2.54E-02
4.23E+10
1.17E+10
2.70E-01
7.00E-02
1.67E+10
1.67E+10
5.47E+09
1.57E+00
-2.22E-04
0.00E+00
1.90E+03
2.54E-02
4.23E+10
1.17E+10
2.70E-01
7.00E-02
1.67E+10
1.67E+10
5.47E+09
1.57E+00
0.00E+00
2.22E-04
1.90E+03
2.54E-02
4.23E+10
1.17E+10
2.70E-01
7.00E-02
1.67E+10
1.67E+10
5.47E+09
0.00E+00
2.22E-04
4.45E-04
1.90E+03
2.54E-02
